1418205686
7634577626
7157161629
5511250298
8913766738
2267159631
1131117529
2756806539
3150434071
7989256341
9590816700
8158225264
9255664339
9428152796
1192231968
2649177533
7649233617
7440203348
5776867151
1334123658
2477249502
9178955787
5862493155
4558534639
6564222929
5210319332
4365410067
3978603793
2647558858
6903475946
8859271915
7978167176
9988567727
1072534829
5602299493
7758234191
5326378568
5934799178
3692282424
6286661871
9533790746
3759471626
4857401938
7628863260
1096909635
2426905727
5868230926
6672380115
7250320689
5625171016
2684505660
4143426605
5875113143
9849739845
1161456724
7053210946
4759830679
9718772016
3196872123
5488649020
1735191118
6874667788
1603046205
1455721053
2083994215
8408091316
3591538509
6800655251
4094612857
9679347852
2803485571
9711618658
1492991158
1648914917
4666559781
4521378745
3913167411
9454008235
8366328534
1781376187
7588460743
3254752084
3684960774
2555325605
2188583838
1834632468
5849586506
9764582789
9392750803
6551264914
8179332597
4587018388
9814590937
3466251871
2181314227
3819191958
2630844336
8440099472
2435661017
6703490806
1175433591
3834943881
1836773484
7381574045
1709320778
5401615703
8842968153
2469851946
9193974688
3143262880
9805873223
2878672435
4278629807
6371162105
1337684696
6585998583
3225245973
1334165271
7189226956
4543583854
2030558368
8563202379
1008693062
3076607340
6532337705
7900266932
4483506806
3514904929
7072166236
9664797653
3429013670
8672859604
7476331122
1511945531
6166441609
1802617637
9447320585
8998771045
2662282142
9828254776
9016342733
7470304880
5078401937
4945446061
8869436803
7703313594
4005554393
3449614831
7521392304
5989635991
8688271392
2540317724
3274763598
8748691880
6385572514
2782993798
6593387424
3711669575
9806278447
9565894424
8027867873
2841431803
9900322420
7895525134
7904973473
5985590019
4028254528
2418306266
9207399145
8102712881
4363697823
1761462016
9768169870
5651389357
6834806523
6667612233
5203858905
4315586638
3167443342
7710578732
3679870714
3879471093
2621732373
2031977412
4321104923
4788543018
7521734094
6223650963
5250101944
3549596826
9856098083
7817795906
3950545141
4775179121
6920925571
1455406367
7112182129
6250586072
4308148346
4349146946
2080919150
7862219239
1332320757
9712913924
9278260714
5542352464
1429644235
6001359232
6371418355
6225293942
4020274379
2020848895
4137951832
8151487403
4419223158
7213363991
7429230191
4308419860
8556366698
8167654355
1069360070
5752415129
1605967063
1415419337
1174672513
9615238845
3832578889
5057623170
6991794978
5225600259
4430390627
1633981714
9307803362
1571794322
7783683696
9313273516
6192629363
9565312521
6647071602
5020658153
5833715734
9164240217
3588377570
8238049271
4969492016
1827869718
9482343417
1731737138
7902481362
5850178628
5135370223
8292798782
5648659175
6947008840
7272395300
6467024001
2393141348
3585374219
9891451696
9958754087
1322092133
3762653803
5345124726
2009798616
4482755457
9245074559
9016438558
6134258381
6453099347
9719374682
3342891170
9031832552
5353806464
6998079171
2755205250
7194729231
4491211204
4723495973
9267474818
9193644129
5911985778
7455433423
2765787344
2312575781
5573389091
2372161427
4784632260
8635969710
8030746334
9841360496
9736381328
4450209973
2914307905
1036739659
1610058900
1702908235
5091133236
1442647391
2520673932
5292950500
2323694731
5765727476
4995552755
2594062665
7466962496
9567399382
9998767326
2497964788
8773669774
4112579933
3714077130
2177426854
2803647229
4012846342
4490093234
3340028126
8750287011
1220412881
2348949285
7059414424
5489676702
7114136236
9800202495
6437646002
9808892498
9784115599
7535874062
3339428388
4051158103
9937991943
7022673876
9295359251
2932535403
7946124750
8902425300
9674753011
5403860980
5142901408
2759781426
2356994801
9785168370
3024190623
3630928275
3711862723
3945804706
3543847024
9206971948
6227090918
5902967282
9891028870
2194234779
3617098233
4377790281
7205203198
6015378272
5636070851
3934158930
2429293189
6227067410
3367784056
8094158139
5299105445
5504127519
4074429440
3944353405
2360633342
4013618771
2457818942
4753063092
5070939708
6257723792
8274592089
1047356805
4587457157
8625907724
1275360534
2848687749
2988559628
3787957546
9560720001
1918052104
5463334413
7014708904
5028142516
7482195348
2043183842
6076885820
6892682648
6825022992
6534860141
5127317473
4176366071
6568561822
7337166646
8476412647
3360064496
5480677863
2461376707
7618546027
6179883426
5279867748
6862453445
7046426173
4079752146
3454146276
1223142879
6224385779
8979957408
8885894601
5130183813
5879830080
4090443986
5435972385
6247142898
4443233594
2988435003
5520402678
4041203048
2085897600
5245179406
8872837179
4477673801
6528952305
2874977547
5751574489
2207117748
2269156454
4111915031
6892669296
3289082412
1182377943
4289972859
9070048851
3765115870
1318984358
4300773347
6956893299
8376628639
6066774936
5666154730
4533221821
3275813756
6826110388
5714687238
9082818470
2761131148
4279574814
9874375518
8319207790
3423934623
7457914614
1930656036
4913338112
7464418128
8540650663
3525372702
2437373397
7970507775
4375941287
5533098462
5788234124
4918755267
2544111126
6909420122
1267694519
1740957751
3957970279
8115517011
1868471741
4005112931
1882967163
7073925386
2287983801
6493361758
5892533300
8230290186
3174251676
2787694489
8368915522
9971892508
4970116270
3390208114
9878883667
2061249262
4043307858
3891132891
8447964763
9189790952
7407027882
2870836709
2763375519
6779029549
8025663103
4446837295
3961587603
9103401815
6326165568
9308263442
7032378927
1262900430
5788694173
9159206938
5765554104
8422202505
6144773988
2747515966
4043235527
6487904272
5125369991
2718245577
2755288732
1670405772
5171650492
3215012591
6235005208
7758278187
3867411971
6811798740
5151555776
6945601140
8610347159
1197630048
8126272679
2913374152
7979154353
6112580484
7391278849
2324108102
1380600271
1910439289
8983202564
5276667086
4360662680
5537283658
8549042472
9674813580
8326550663
3015417768
2094918394
3759297273
7170835032
2954147557
9457274842
2340153188
7830420852
1141766808
1209575939
3005519892
9909272929
6091919442
6150533584
8024555029
2446728673
6536101619
2520708392
7829370583
3993725440
2948550149
5879767268
2123393672
5501109197
5312576083
1197402259
1565574641
7359511043
8665939934
1729081771
5828093911
1494044963
7220818509
9186030993
3730200137
8282718435
4774592149
5804996683
2521973145
7434051846
3489629168
2950176198
2422809980
3697173577
2093938721
5338603179
8621922361
3779809543
6725351074
1859244087
9218724205
5263812947
7257040948
6981981511
3498017830
3983104211
8195758498
7775562508
9079866254
9633618320
2605101674
7878783997
8989863191
4993967698
7826346472
1585265379
9210049610
4260319495
9658638591
4651485753
6441036063
4429735715
8681427686
6774556783
1673548165
3624154432
9916285899
1901402239
5781362346
1701119065
9657026483
7822477365
5583041365
2775648792
3215604327
2540206404
8843468396
1057301582
9154657432
4659731933
7492627774
4815026639
5917057162
3108232905
8911695416
4698508465
2459568207
8277709238
7151686377
9977905386
8924030397
6459205595
1122591576
2530353771
9355362585
2829173900
1584102361
1329796345
9860044305
6994524105
8159698471
4034832160
6706089687
6737827965
1005272258
8108030805
6786283030
8256119605
4265029594
6773718609
9166701008
2307015524
8072404040
3862827571
4106884793
9708476164
8887148152
3895138088
8765433945
2825815667
9211603765
9234732284
6083724068
2917097760
8702540242
1708379820
7871406257
3663108697
7261444107
3759099999
5257631847
9934761537
3837782014
6749277402
9672859459
8651562558
5913402568
3544452222
9922705996
7028519085
8152099414
5243187087
8205363452
2716933730
9394886514
3200216951
4722423686
4242256591
5921703109
5546647538
1051312164
5794136136
2083747392
6578166902
8073983523
3228679447
8933627355
8850477408
7626114945
9468606676
1494417949
4256122305
4914071860
5758202685
6776095714
7188175510
3376189975
4745665702
6020085077
7857950118
8888691694
1760208660
7558204621
3365942701
8656892486
9009933206
9683160587
8385226383
2102565069
8128407059
6691614108
2088575082
2446066459
7167520192
9908278992
9553770471
9271740930
7433660196
8616277362
6574217776
9817113265
6534222432
1434301402
5747867619
4155318427
4807730568
1330287749
6072696432
3950265943
3442021612
4908876034
2821000144
4373058690
3853545627
4358757403
7675206103
5096075740
5839822945
4520681049
7050885253
8851984327
2551855692
7843133438
5058887910
9913005473
1774235584
8356762943
6611104201
7831941551
1133136797
8109860553
8065238695
3346893066
7203788577
2057757478
6248490449
5937353778
1577513205
4972953250
6524915387
9508471811
9629383058
9931810474
8259698706
1960176515
5506262887
6959147637
2106397487
4459498911
9925591323
6035280999
7758154357
5489144344
7843776152
8472660699
7854549235
3252486331
6421281011
9496779700
5462970978
7835252437
3930376391
7462229067
6099287223
7301525842
8486250732
6095384694
1527253159
7668811026
6006835681
6750366699
4657437897
8658871420
8848736769
7493584185
5422054814
7600479267
5075911866
5828693198
4685852207
1850695232
2162615703
4347527771
7277412372
4328496088
9425688510
3579763776
8453379966
7123500448
1824161052
2590068462
3581785713
4599692503
3363969486
6054439781
7859037594
8333688086
6490604330
4309602314
5791174900
7910306747
6420326725
7157290210
3520293310
5398133736
3654497103
5378660357
3295512659
4929790038
5915655379
7759117494
7806618439
1022429417
1727678440
4040073291
3250679698
9299922071
8946080935
3241084542
1592506067
5035584843
5018149857
6507903262
6165733046
8656613324
3724064950
5495527936
6083392049
9994960984
8154512586
8097654641
8962925134
4978743047
3614900290
8481944531
8234937751
1130811334
1081009931
7038364726
6049829370
6603210665
5810876221
9005292217
3439115235
6184940965
5876156918
7386173064
5397044138
9012034327
6230335106
3933793094
3236795770
9587311485
1969602265
3395866457
4075607869
3680686129
1851574038
6691357815
5805233970
6914087987
3604867406
6574039838
4649772510
2545490616
6619965397
7199366141
6474747884
6219182397
6752518707
6721809046
9037818930
4973458142
1518093063
3926168092
6810396035
8649526174
1853327374
1602843675
1817087371
1164278552
2037471160
8798171334
8292949890
4645330471
9046117813
5488114977
7346090215
6577385167
9966102531
3745796308
7499570907
3694326182
5604347011
2115908023
4976924717
1398701634
3566718258
3759634268
8825140096
7038217041
5181198274
1878756147
4278133593
5257562662
2878882157
4441363817
9965846727
3468161246
6348806135
9568682144
6406039807
3510433351
5089899647
1000971321
3502034115
3076654428
5899950378
1674934918
5804431439
4738687001
3539804230
1406309367
2477707690
7378970436
3841434304
2771497737
7944584780
5547689438
4210612819
8456819807
1220808555
1050775058
4125741604
8738489541
9564785810
6712190750
6652207542
6981742539
4004567064
5108201201
5900707035
6636368558
2202280183
9002435106
5189432394
4727295511
5885060419
9976133056
9057315053
5663717806
7603824567
1993064100
1037239288
8242404008
8601388463
5563233598
2669980212
2955361276
3338425806
3512543857
2399336217
1817373959
4028780755
6685392806
1926536032
2648198056
8490060776
7172316499
2572029434
2713527945
2599135885
9741049026
3896865412
8988368708
1657444281
8092658475
9255680912
3693625170
2580876639
8072931589
4161115006
7877993997
7276424009
6264233738
3481898770
8373948305
4520365528
5881508780
9341255146
4712660125
7998354850
3579837559
7847366951
7303430181
9050251186
3448449441
4024920505
7666904880
7766250432
6793482144
8242319487
9203185648
1874976424
5504628130
3768071490
1281086954
6554791194
8435670462
1603508509
5110735026
7248767006
9471430852
5223159050
8712201529
8813346699
2539273521
7954957110
3825470678
6503487337
8564312101
5390154947
1959334513
9620104204
6298805021
8014517046
6401554626
6443168475
2230490523
4905989870
8329920212
4415534968
4127487181
1865077637
1318475987
5323591895
9057257502
2537447931
9354722473
9100497625
8530625398
1863141490
4415224559
9364133534
6670376274
4009566684
8143393522
9281278674
9911375413
4692776853
9046028136
8218901312
4564735875
2911944494
2326328638
7238660662
5725377136
9638692117
6832716393
5450600485
7337160562
1022935075
8849824155
3157310834
3663778393
9823499395
5810540131
2483108301
2011821599
5716993593
2279298504
3468809253
7677134081
3452914330
2565100714
6025211253
3683933914
1886038009
7779867094
4217311011
5050801391
2720600887
7207710948
7094535162
1162028725
4901112681
4595090411
9851872031
4522640551
3365928289
7556428095
9559119666
5839183823
4069364072
9117709287
8740888823
9677416972
9980721426
1225070298
6405967225
5066594614
5271628071
2515175267
3634938300
7511967607
1773961705
1941450954
7617767376
9329856145
1010513684
7251844963
6112917360
5507104213
7943363853
3641297074
6267464102
3648691174
8190460857
5785429848
3478092507
7667982799
4156994434
4797468856
9469894713
1877909239
7416682069
4963327705
2464821683
8955375137
4804079801
6352683235
8124338975
6002636229
7479662628
7084783526
2360384850
2499259358
4493989604
4234415437
1540589728
5660778878
8949382534
5035237143
1496401196
1963220691
3615836364
5072549986
3536202337
8760572233
1072336155
1670906028
8817187472
3276095627
8786200913
1937685780
2643927486
6272599054
3864054677
1430335838
2745155926
1448476804
9075402997
1069611820
1941554807
5275133416
2774192437
2358370409
3721009697
2855708715
9388564825
4681091033
7706385817
6530810552
6248266652
8441517769
7657799815
7929619346
7819003802
6308617872
3122791504
6740403511
1262114488
6093365644
9484968044
7307442046
5412200774
2911423789
9657997804
1324511481
7659695793
7675599170
3890539245
4465042920
9702560474
9717510888
6681371876
6137439623
1992003288
4776866020
7688554899
7173222762
4459384855
7909121284
7036793091
5618922870
4322866512
1224052068
4782925016
3144396483
3955187403
5302966390
6337105125
5833740964
2812708639
3350908457
3616817941
8196804288
4282538655
5344669631
1433385199
2622888385
7101810391
4285750936
8570405913
5859944173
2378498771
6810957897
4529510094
7028809064
3635637639
5532807783
3182651146
3046901971
8520097086
5294474305
6703212981
2975001499
5896996572
7281673393
4852327201
7527563613
2995261819
3280409254
6705339279
2382649659
7002493134
3776370488
1366405633
7712610895
1930440490
3125363392
3366484630
1232439198
3986334158
6705567228
7800699994
1425348172
1536738230
4845490934
6579311758
6237299258
2396800372
8661877174
5555488888
8361016518
5621945745
3394014490
7354742345
1964792400
1652601910
6723492484
2861293481
9994929879
2847514577
4213201973
6829300594
7463988177
5999046079
4144598872
5195158814
8433398956
2332171254
7791684019
4607330078
8114837785
2611921007
9201514245
4721298301
9573555359
9097478142
1320899812
8602768241
5513420544
5367877766
9895786407
9182304658
7748511264
2990419130
6223497205
4968026162
3610688668
8259174592
1580165419
7601661143
7969600241
8864169620
4559700490
7255994329
1857814328
6611963981
4405720627
3510040901
1028633271
5981318224
4056242999
4485895579
2806155147
7699657385
5830566828
8636857289
3134824302
1390537894
8488388033
1262508954
1179129335
8085416924
6083234824
7298718042
8790516354
3568510575
4697580028
6745721867
3345241146
5693923506
6634039276
3802170784
3290447631
1773638947
7888738091
5277838274
5807301955
9189984153
1965484043
7216652282
4046322458
2650087332
8977829717
2073572526
5654594312
9736149465
6266141792
5860448686
8723573898
2009949029
9947403450
1667209860
7020126486
6197309724
2659267039
6204639832
4816053261
9115706327
1220477525
6929319503
3100805755
5335963524
5652740127
4073366802
8791670291
4260051117
3200413727
7526596140
4892217958
7282384385
5798881230
6304391370
5762179058
4262334307
5431399602
6720727451
6466504146
3943845408
5432568498
4852324231
1188829227
1335797412
2629216061
4491992306
4550484882
4116624022
5467873230
6234331013
2903781018
1247746576
8730779477
1920969305
1294055766
3467977701
7118872859
5683425285
4828791169
2130219996
2663117396
1806776399
4614943306
9312238543
9391242605
4995090274
7780711575
8656549568
7014282914
8632549173
4195086831
7159844312
2244895194
6085432258
6412056575
5842743262
1422454804
2215384480
4263880777
2800645525
9443420929
7091233176
7763268408
5517180169
6499112057
5973270623
6662077343
8900907393
6150192800
6207354239
2589625953
5944004740
2279200124
1064572805
9096067393
9493193134
1737117572
6337113456
6335909987
1337653247
4743907654
4811902367
7787395748
9689580355
2298096023
2165133512
3468676037
4055316641
7378524114
2493558838
5119353499
1246981653
2779563703
5105399972
2835708228
1241235141
7648996544
2498735275
7748005146
9840783014
1735303663
1356285300
1862518360
1156400736
2628199522
6631598876
9286239282
8831884538
5641775798
3442761713
4308520297
4372588904
9934132739
1248708759
9909716875
2340731917
3360685443
5197510210
5301018079
3190969652
9765583438
3952492565
4310837576
3556989716
9750201086
3515187009
1774694178
4115380700
8695893622
6110405179
6599908089
7111003362
4447900607
9863136103
5656913522
5726145558
8878069678
9505284079
6254262182
8144717087
7612562356
5931509417
2869774481
5806536239
4465642260
2332691347
1884411256
9974162722
9175130165
2539236056
6731209358
1968927431
9081513623
2868975577
3054145415
1951331804
3408532942
3407208916
5456305280
7713582216
1552879682
5202017820
5386840085
8027779192
8790765597
7564659306
7460909301
1831657539
3014445920
2224461371
6541151139
8008796995
6461790229
4209566613
8766101707
3938241403
2963159377
3444789548
7600889026
6823687018
1217387721
9556088311
8513501023
4097077496
5852081641
5441808251
8850412706
1220761813
7201326262
3147033979
6504996285
3160694468
7217231673
4888222153
9785050208
9898960668
9215745574
1194578346
4758537589
4936364445
4819271683
5884133410
1272748454
4589186897
7706303572
3408330265
1581640876
8565885223
3139604962
2908890012
5894562194
2379291801
3869640446
4872886995
9173690577
6803533263
1463305506
4300749517
7273264818
9846183036
7269408262
2498379103
2765721814
9842663517
7562194863
2129174589
7647010585
9684149144
4976081395
8215205643
2118756060
1508772608
4910903422
1490301891
6724169177
2012194537
3204176852
8663072383
5146084994
3214351613
8739166838
7146029469
6891047449
1012146027
9580579015
9547926497
8164895348
2493633280
8769020447
3393366222
8045909764
6088388909
5744775348
9401154505
4940565868
5277462561
6019259415
5569665647
3417136653
1487200919
8549496165
4925820390
3815405797
8669449653
4633841443
8511715552
3177769884
7979460999
5817413929
7958072060
4219156879
1217607888
5558874803
8571373124
1835309374
1430725968
8751498492
8780227308
4938444439
9110146278
8583643012
8378076306
6184449148
1367345509
3503287088
4329506629
4287937937
9177403617
9746872918
8222180953
9730294135
1730302746
9345529159
2464348989
5665506161
6355262440
5675103801
3314357013
3524341877
2997218597
1355284685
7313655443
5873023131
8736497411
2818752138
6067940040
1943904380
6264284998
2745693612
9782651252
5506924681
6759736377
3613328297
3674938995
6523769992
5894241810
8901452873
7068376687
4568409681
9345812289
4681760822
6818621905
9518587182
8095359002
1377155324
3416101662
4926438222
3619767524
2937278425
1584483529
6116497161
4979376265
8772922633
3966061481
9457161465
2440101581
2196704913
2338295881
9042634695
2900191708
7641796217
2948014850
3308480743
2814696251
2349971966
3466199815
5336200876
7731647737
3128131435
5369490256
4231480238
4397766018
7955420623
1194168877
4822416051
2159645789
5802497716
6805200236
6228902442
3230378188
9322780743
7147620365
6804424772
9904783347
3725074160
9447546502
5382799483
6633177084
6831534931
5647310860
8915417344
8831737928
2305604698
6811083877
2280770178
7215201595
5401144788
7630835751
1231666582
6371022809
1192269389
7141035156
6936751317
7542935734
2033583709
2715316695
6318496370
2065359096
8957538189
1444311211
7813346574
6493973142
5727171989
8526155672
4024828720
4981743604
2374177189
3026296714
8421792999
2712379958
5759308186
4968492677
6094864933
4150649004
5976564365
4896377411
6058944178
5726525342
6667700365
1273608172
2279476517
7612632591
1865726785
6588676148
2440479320
6550865514
9633327133
9996452812
4701363076
6446334102
4752367615
4225154589
6478644935
9160232307
1212124012
2942322212
3131090065
8147511059
7556704925
6836380065
7819409690
7367729069
4491985098
1877391163
8982118690
9182844332
8038723514
3255808518
7267219781
7178420190
7513029415
5272290620
3216464659
7438422236
5697351895
3635012992
7668951468
3795628069
9975034494
4702487324
6767656060
7824941094
1606612035
9482189280
3511275715
3816467414
6554587698
1685822606
4374921967
2201321164
9957984830
2518535628
6429572634
1849665917
9714484743
8840120058
1990032545
4070801145
5589771659
2196094825
2573077117
7689900563
8465874539
1848080748
5640176126
5805556237
3892243120
9753205543
8048832428
2996520258
5269098205
2235011538
4926291661
3176235588
6231619002
1397204060
6868148814
8574504908
3508872543
2845955165
7423647728
1049635307
7332993746
4982019158
9549224669
4891085206
9329553224
4915039138
5115508747
4352577814
4605254216
5401429567
8751943873
5964246994
4208489443
7268607757
2887102263
5386046352
6567683425
7685598447
1405423206
4660504561
6689499035
9703959238
7798631379
3614539934
8993844584
6695913972
2395441075
2378097322
5443338951
3353413702
5512817378
8310913713
7403952800
1298579382
1733325760
8852654964
6005197716
1254502278
7181586654
2618650899
5208499220
5243456602
4023298533
1256710686
7272217895
6267667064
9999998395
3073556292
4282170735
9686330270
7068896267
9442654084
5185634050
5289968548
3950952794
2415474793
8032387111
6721098734
7644396929
5618550006
3486545685
9441457340
4990040288
9590169775
3877386410
9652325435
9310824853
7344180936
9783704273
2553028066
5921838339
2681266041
6487565112
8600758538
8975291959
4153894195
6617771394
5854233136
7520179014
8607576701
9295936639
6266206116
7002571095
9570603159
2602624356
5163993284
7882268623
4698348733
9066455782
5036141243
7676695276
9516067849
2037574652
8420630252
2864923149
7489254035
9231299169
9068180408
5838869096
3546239399
7539789892
6456760211
6554771371
2905134052
3955807689
6221134299
1546455768
1994246750
1407382461
8957404911
3902198330
7775764200
1184016098
3588975895
3081767809
9677638990
8369421084
4297510668
6674259405
4695374823
3093963587
3553871586
3328471044
2629299547
6461697468
3362595001
6868989277
7255487183
1156444185
5010715570
5752229640
5783284917
1118493470
1542329847
4138014285
6375389626
3132375097
5991326943
4261402725
7858118503
6722370494
3873265626
1264244388
8392703079
6139114361
2749260255
9695293078
4113578961
4674551466
7125590697
8115288561
6034290204
4515163214
3254800944
7941303873
3943887574
5142383071
9016088094
4063479372
9622909187
7486518160
7972980964
2917989802
1071439309
6175484908
5228670540
8875161007
4683796641
4271196431
2489999842
6287054473
5356206455
7709357622
6111457843
7447206274
9588654726
2072976781
9137445597
4663881960
4920905057
4806055658
8541790606
3869400071
2245057734
9358003243
7566190318
9840382151
4458549379
2911503224
2884172836
9766801306
9136999165
3949746048
4322041849
4046734472
6184386974
7483172958
7420722882
9686033168
5999459099
7611467614
7221043652
7280471230
3857169050
7774196222
2451882588
3189303865
2031058845
9373316108
9392413153
7077615206
2588811312
5986869421
2239990245
7838579254
9717422353
6659534709
8901241874
9532614330
8895419303
9930424143
3919673775
4104175159
4978645534
9881183949
6126277269
4128006973
4723489285
1164741905
9884751370
6043219241
6248746580
9142856381
3028035191
2673158933
3276859154
3889365056
9865425274
4242812322
4125123054
1836913250
1732679009
5633916328
5125466257
4080476173
3434797910
3071528498
2558338229
1054342326
1246685182
6922240383
7571551872
7195184643
4720136722
6113202912
9373143559
7857470731
5762017601
2680146860
2514474689
4329211605
3273914538
8329579337
1221826904
1835876721
9083233437
8486536567
3070067515
7563885562
5563017958
9917692045
6952585747
3456844223
2789299027
8816006451
1102104352
9093103026
1836798387
2942818331
1026679422
1917237121
8186568594
3353492183
7886794870
4309113442
9749640582
5277404753
5469297569
8595612965
2454190210
1623839851
9488987659
4225699186
4290388062
6527646257
5136424177
3170628246
4627750685
9792991468
7247522716
3940310650
4293751658
3574175515
8834548717
7578352769
3908949086
9579678926
7950557433
9861282194
5790247925
1153462947
6397332229
8933634321
6087441886
9179821047
4962975293
3261249173
7544966349
9856853961
4826707045
2602291634
4863811611
5372620571
6328906306
8471949173
7200601321
3789665426
6820593240
3408766865
4326482766
3524631998
8107702435
8919299523
9759810503
6408045454
8379853627
8208953955
5643108224
6615394030
3993424794
5593760602
7430714859
8357582287
9897919734
9896471684
7606321172
9109531146
1006600459
4644196086
3341940572
6866427673
6844760943
4391054162
1562426711
8480557729
5741737934
3837037706
8493671805
2296544388
7462847639
4246275231
7231351131
3650179600
6445715724
9029839148
6203889493
1629424239
4730103574
4010813618
1292270115
4345642970
1858128512
5236310123
9956926545
6943961130
5104267537
6830954442
3891618563
4890583953
5180297211
9505962302
3585152345
4057270988
5840017336
2854241338
1523578054
3806583783
4761047689
8249012115
6325135535
4728236636
2546162975
9596007208
7032408026
2664017865
1912114057
1007375854
2646146617
3729940510
6492681442
7705398889
4444382122
1308524265
5499102559
4005465871
6969192682
8393037669
3483543445
4960143692
7797881258
8466994460
8936506526
7292880593
6367117448
2990889300
1619529073
2826763600
8132542569
7606162743
8634450293
9181519001
5618455846
9510280772
6981387250
2937346534
6142492972
9014537321
1554632171
3739231646
1666153064
2030734982
2964932246
6691285875
2054927842
7318793254
6599750624
4010466291
2814477168
9444434619
6372721408
7099898303
8197634653
5109767366
8224332898
5940689984
3825854784
7211239185
3340533985
3554716208
1530138247
1577547179
5860586873
3379606015
9969095430
1441982315
7631601365
1313477661
8786889063
6501291646
8310759194
6924749194
7247704100
6736225650
9015337818
1626894499
4301631363
7719807867
8122560172
3498960928
8425994086
5700773748
5488530885
8925064412
3840370057
9451421840
3723657051
1004789416
1699026072
2356665936
3034783102
1478605348
4756115592
6025590238
1029555215
7236122172
4902286766
7192133250
9144183952
6528506231
7940304887
3236848547
4933759119
3646660132
1162090726
9290696584
4296444548
2119680691
3938340344
9789618080
5161590682
6438805980
6483238275
1950110467
5000757431
6693057791
6956202956
8522008333
7400330922
7923419903
6914193776
1967573956
5616989511
6151419768
6379111326
3445058967
7513629591
6214364011
9175341106
6585446914
5168497940
6454715640
3233691581
3093615601
9710345825
7845160044
5595066237
2332769314
6978929697
5961819708
9297950051
8433288192
2313473994
2510927502
5150979758
5840653717
3081946953
1567386570
7314521656
5363870822
8698660579
5012389727
6815380704
3710529018
7474396971
9909370889
7396658990
6277433173
3307991550
8099900591
8075221717
1019642720
7101946922
9402893016
5304861979
5364988785
6986926675
3159085491
3645983178
7188062819
7095161725
5224715638
6264564434
2370223356
1598874346
4191474984
7113760323
8235734233
4254663369
4618613458
2802309038
4564623176
3467984244
7933345322
7315232617
2615477899
3532160346
1353084346
4007925404
1879020080
9294163670
3911082569
7971719816
5981454147
5743234606
4713832131
1506711439
3777342450
7645695587
2931461118
7901425299
9470927663
9869502158
4579912589
9651124062
6860331869
6762123853
7563917844
9518645911
9376836909
6141689505
7217797300
9276915679
9021392751
6033504541
7074062677
3463352329
9809445810
3741039201
9482277862
7758178625
9534193430
5944947255
7908463932
6829674426
7903697750
2962836504
2419754379
5768820635
9690973243
9438425666
7275208216
3651703426
7727986924
9554516175
4530359391
4796477368
5222931272
2290461842
2566102250
1635669086
8228616816
1290388973
1279166689
5641716306
5729853530
8093518551
8799129426
1663061604
1635208284
8033377039
2149088033
4744139378
9144925079
6471245763
8233035866
2417896778
8695982521
8272865427
6468129216
6974658052
1268734326
2162801849
1447964276
6626365775
2779113714
4459846800
5526347607
6043542682
7086637215
5112622910
6171421314
2199964910
4861015405
8881028824
5387666786
7240404138
2650958033
5150563550
7473976474
2117821219
2236316393
6607326920
3265411955
7016223743
7908968135
1092228539
7052130625
8927304210
8650458723
4880602782
2084301984
3935435652
1951775454
5084765855
1911144740
1933464685
4974694150
2286825940
4006140266
8829334695
7703145729
9208787099
3798443578
4184192702
9316804579
8576736555
2017528494
9614041810
5658560822
7172517050
6095667500
5604154795
5275812176
7382439228
8153517731
2530154972
1721572318
4858583147
9176915912
9565237662
4719611220
3400242309
2593855708
7646354071
9191881403
2637554904
4302142887
8842888314
7722024061
4515660360
5929509880
2756889094
7328182314
6067373340
9158097541
6174270497
1784875331
3535945902
1185472952
3641948705
1416188611
2962989115
7793759272
9914143548
1623596361
6892669835
4026053389
6379124139
9084916280
7838301337
5785295096
6636975213
1921788790
7833148845
7600262905
3186467138
7818893637
3294197412
3717327754
1269033804
6212134228
4616185374
4784043357
7294303503
7869694553
9700141704
4275550989
2471815811
7056982047
1707296465
2398984897
1590215182
1884192462
7379231618
1070252291
3830544581
9784999913
3897619822
8389830589
4037670493
1130184730
5965102989
6510666299
2434372065
7287439993
5221306898
3611162350
9100517341
2312409412
6231365956
9632193842
2491031255
3623253580
9160955813
1874840186
6935706805
7420421460
7251114625
6055420198
9083764082
1420398841
3063855235
2734688259
3415502869
3812646037
2125523902
8714923738
7611961351
4732065403
2402920439
7421376623
9008554180
2602742103
5916461151
5854601953
2196960671
1150438858
9572526408
9302990605
7847857800
1171690707
3138067045
1150543168
7201693592
7846439549
3083845127
6866810125
4107391173
8985470302
2264302595
1668386872
5938479846
4913049148
6679177429
3123593874
6055912424
1320686360
2415818006
9906600450
6263260650
7624628712
4189651846
9341844071
8352722611
7108458796
2534965261
1483625717
6355099302
3362506904
7378590615
6282698560
3412177468
5079168192
7453988232
3333409519
8296562721
7560760748
9572796225
4264839355
3107405751
5253796738
4959496253
2728961581
3103016144
9530058045
3156201550
3110324865
7756477591
5198668388
7092932170
2365832310
8044664030
7274568859
7328398395
2751924837
3380464526
2165598752
7309948551
9036038391
3013902259
9740472815
7333118707
2345328020
5704333868
8467388271
3705683391
7716927576
6991754723
6536343153
9386695110
2650743305
8298284314
4980688054
5747701534
6781745642
6971687340
3976758925
5941339948
1149405099
1893651639
9776020582
1120491763
9188066249
8673018046
8121000995
3444004967
2008706386
5154199242
4285465028
5569035535
2701254981
5214153584
5772093263
1399245063
4918139658
7192563234
9009644099
8670164180
8507675286
8493710018
9497610321
8213561053
8062731202
1728766960
8815101888
9006207274
8381898765
8386498813
4935634084
7629616843
1480712391
5647950264
1937633346
3529983499
5828173275
7425223314
1453072821
4381405348
8323658411
7019373255
2372448989
5558586389
2313224232
6081491817
5140963227
7269782270
9327916667
5032703861
2468511651
7690662633
2030779131
1002427006
9497674846
9445270348
8370840221
8880805985
7130053614
9623133814
4643348475
5409712913
5945629022
5667335485
8607329031
7314238207
3942036111
2716376617
4547111504
4897977490
7778225628
8365748312
8969657727
2486697996
1691477707
7660588512
4822863982
5094987966
7767445418
9683484887
2928492764
1788113171
3180162612
1808805048
9496811620
3845496816
6454663446
8286625794
7674709343
2499160702
9508688560
5957882441
1935914770
6120877043
1789910277
1550565663
3412265949
3604844738
8947056359
5818248783
2343112326
4479818952
4682905651
9576265399
5039238414
5856498740
3638341860
2697599507
2392508876
1006739255
7720433472
1380882540
6688759005
8969895893
1674467839
7543969541
4609135732
1523699783
6406824991
8328995250
7457457034
1454982731
7998631775
3090382152
4807494020
4178332766
6240923735
5881932482
5631030104
3187662443
8243378741
2232179308
8661314860
5708217054
8008967953
8038897828
2748727944
2390206101
5928753797
4171618632
2439002628
3785831762
8453203061
8994328581
3970194514
7533927295
2144847353
4623424108
8045384682
2100987273
2915881904
3596690866
2072952741
5708623844
6757826194
4140651021
4899985234
5955100919
7807093473
4387338297
9539346628
7720929716
7324850240
4373504473
9057220740
6843433028
4831565240
3298374865
6811499137
8572792441
2796293679
9800027475
4340615133
3617807590
6715365448
7854281578
1850744299
5356384982
1726262064
6857800308
5493633079
5451149389
6627299170
2479364979
5704551802
5141184491
4251519430
2222108108
1462860315
7675780778
3805896633
9075503270
9533301542
5874817523
1571514852
7296885199
9957498193
8627614180
9236476694
8325044897
6839960719
9012805440
4136946388
6221592475
3286994438
7860520122
2203068876
7561960456
1739887394
5360442421
9989671543
3967346492
2577908732
6317702112
6680110275
8744309403
4248397267
9131462152
9634718370
9667669853
5138608613
2433736184
7476261810
6175969772
1455198649
4804706894
6932913467
9122993172
1488587086
1421388552
1033957310
9832585593
5951907552
3830303399
9621035342
1468160750
4134837360
5434813572
7271514084
5984773686
2510298208
2324345543
7466823417
3043828433
2687998408
9819006700
2143998805
9356793644
3746753524
1185213030
1814343597
3676526254
2460928310
1997097186
5095849212
1307859386
4647640364
6709198842
1523399525
3479777999
9521064095
1427456595
4466151695
6445714043
6783354101
7928176478
7726680941
9200993722
9943328328
3921793439
4073634263
3379651942
7366607004
2634798961
7880578314
2935106074
3766474941
3496534146
2888584849
3345716634
5828974478
9499334818
2873478665
4597345089
2682795859
9936989214
8468816953
6511111798
3201554101
8482762834
9660547478
4063394499
3105801875
1123153186
8146275441
6971099744
2221486458
8941751282
7143335707
8846589534
6977927091
1483757990
1250138497
8649466215
5256733359
1378459918
9414050928
9989499540
7551813875
5299100939
7294725473
2153390487
4032529411
2304395358
3781497109
6056771910
5077232301
7810466218
2223181323
8479165604
3667103027
5469714496
1066208403
5662979405
7274420039
1840224942
9863871283
6100357786
4323854051
5025438729
1946158318
5038517547
6452808241
8667451302
4492954494
7365383401
7556561197
8298302275
6752663874
7337649404
5368080043
8395503505
4452493666
8428990096
9282630757
4192589000
9897564914
9377985033
8296257598
3051480799
5385376939
8046612107
5325201194
7658346294
6002036799
8099697115
2471866652
1132019905
7999278932
7603751479
9151170249
6819634423
5090811542
7741724427
4496184296
9631897291
4393742471
7258039493
4645628792
3681000275
1888051664
9395020635
8565019635
4122226040
7939665752
6329658335
5619808082
8246280706
7089526727
5930168251
1017969494
6253524281
6008173156
3108100259
4741691755
5460122115
1240864521
5268849390
8661790760
2965857202
4251431780
8672236946
2465624071
2486830247
7667616346
2171167478
2017686363
9578357820
5179340625
4445630796
5937773211
3703210635
4392833375
6274928558
9286049069
9756414087
6995042994
2015108220
3988637601
6572278750
7719398277
8727197375
7355811334
7876212284
2362568318
6591136632
5728775469
5749160413
4706444346
4360919930
6347983980
9441601935
8483426501
1069399636
2247250915
2794525059
6687612068
5934742107
3705888684
5740001531
5475748305
6521354258
8154097445
5851633109
6478889697
7747398204
3216392788
6779244802
1359093389
6881480197
5055263959
4139681452
4640165782
8074796297
5974297973
5125490464
3274158569
6900838400
7616635360
8387337986
7319374097
8520021336
6771943857
6117229440
8464224301
6773757636
7858489118
4789468083
9099890905
9036814526
7859083321
2384649105
5508929624
1406159539
8382375485
4472600257
8169014935
4288842606
7565919003
6169632422
9364204631
1140925129
5619348401
1830060350
5833352222
7412497377
7693408286
6464381562
5688221664
3602053773
8152175638
2624079856
8860079116
7180328911
6797891073
8483313722
6335727011
5069940865
8902384973
4378581997
2216970219
3265789747
2102041919
2426048607
6655043082
1087424161
5276487114
2767608061
1036072851
6565107310
7734429504
4111840666
9582344365
1908797496
6768292399
3372329013
7201823101
2796860618
6672329909
1675641278
7498668807
6126607420
8400276555
5322944245
9570274521
3302152233
6776194861
3540468888
2221927140
5685780505
5485752902
2469900704
3222079258
3789350627
1993892002
8731772244
1569623595
1519244895
5276122263
1939736148
5967670964
7794347769
6801876668
7367503645
3511301722
7453366897
9553105216
2889229481
6312884150
5515472890
5139473569
1976782554
6721375945
6197228137
5555969443
7687293364
4050616967
4907583842
5318771801
1391103654
3806591069
2230428921
7818844322
2937433275
2034300080
3357104382
9952444391
2165707840
4435984907
4751515514
8923289266
4401127370
3057156144
9114362074
2359957221
6786967700
9695949411
8531519873
6198910572
3595688273
1021652613
8872297288
8070010755
6507985137
3639959540
9480868438
6405943807
9455401747
7471392088
7900288315
5154568648
1946787812
8747904411
9046650310
4533855013
5198128163
5734748986
8937940577
8070674169
1938110194
5143584926
3568509343
4183499473
2134491299
8175397887
4903541056
2654734129
9931168269
7347325129
2514614589
1519047178
5424947182
6893545340
4848309037
2010204888
6549972243
1729196328
1762764670
8259035040
7332581780
5539199115
3061135201
6010667451
9609486115
1839508473
2581605129
9703594415
9688500862
5882029612
2598819896
4592138618
1188755939
9571130938
6423921674
5239175342
4334845294
3448915552
4509712086
6593407134
1969476974
8345580958
6062010135
8332518439
5086677215
2946246775
3472710308
3248628318
8431818380
7261514135
4874454862
9026394834
5583262138
6210983774
3836630016
6820243950
9018092456
7503631388
3383729241
3349031591
4112662148
3804867096
8402750959
2011660069
5158932721
3523306552
2456494901
7140804120
3330608483
9271189825
2271643652
5271276396
8159465607
8531532627
8742677078
4673448009
8595677685
2109964062
2310964822
3701285468
6963315385
5245693306
3786669657
7880274080
6000214399
5419587252
7939944879
1172906049
4184679775
8122162400
5964700722
9622211292
1800520385
4232867263
8662667336
9942590418
5123256753
7559697172
1411466159
7379249803
7908938081
6557965461
1323661044
7206416746
8923052503
7728227730
6158135845
8688965414
1755939476
4872812577
4743931915
8176024227
1616204038
3410972271
7888014254
6246604073
7101153805
1669881893
7822002023
2227217157
4019703516
3475915279
2518736880
2737978938
4814010896
5837280959
6032674658
5201940629
9815136522
5506373004
8962917574
5870734294
8291103199
5931307528
1928509830
6164126196
9299173925
4446224691
3042086413
7228740367
5857120894
6879850235
1027790003
3215147293
1220412134
4386986664
7260364805
3593821982
6625754227
5704779565
3950734873
8997059660
5574886957
1328935328
8233337652
8651536306
7668507275
5001678982
4392759927
1198329140
6146611348
2579115221
5778821255
7256386145
6417428068
3367909041
6905463799
8281316184
8713772977
8200409665
7408679752
6898969786
5660211168
4639638095
6116955453
5341295743
6029540469
2933791981
6194389711
4928758954
8721742431
3261517611
6213698668
3408540339
2565994745
6410215531
6393843503
9481589937
5684991155
9292761565
1542438235
5414668208
9508100434
8529922856
5469818183
1482992403
6246943696
2180744554
5063907601
4873706699
3403494032
5019833867
6926478942
9826964996
8737272332
3692008812
3684939573
1465131406
4799788635
4927680592
1102925138
3514467495
5847637115
8236621347
5925169158
6421961950
3158758440
5692548543
6471667518
3586577415
3690051605
8110821956
5720283665
9496398089
3462947522
5659148087
7461263339
7678075635
5545640987
1654639857
2748930776
7345691031
8119287153
6255818134
7054988336
1361891074
4573967770
8725508205
3293313770
1911245643
7428706202
4462082689
4891183556
5676627485
5856202734
9644525619
3545743230
9535750626
8514319607
6619553294
2768262041
8482228349
2940350992
1184254100
4156489973
1427515938
5341524840
8613163900
2270662825
7925619058
9993172301
2499230181
6279795573
7719295016
3418972530
1303581457
8615063012
6352268417
2468603687
4995059494
4316082373
9935037763
9286928458
2245969580
5911630367
6398113262
1827304075
1734674375
7696461983
5330997651
3241290901
6376882313
1251084308
6563196144
8245728119
4625940905
6836873669
7770102476
2204244228
6050029262
8095803332
9517968707
3260018432
6388092931
8305674056
2678074424
7899252300
9075607826
3788888028
2080939948
2577073081
4285845952
7564825471
8656214187
9181360648
3820272814
8893090116
2027089586
2020127898
7398239793
2675122504
1753270349
1860087653
5060981795
6687472493
2124166495
2596259224
3933266750
6044578943
3956468298
3498766815
7081284596
8638652571
5252914780
8440445763
2693166756
9883202726
8135730955
1235374501
7291888020
1536160800
4688124599
6130528700
9169434058
5002504474
3333622255
3234841392
3638098326
3310814656
6926209397
4327417600
7993587888
3666014942
9232273670
2255552757
4259823394
2855386679
9888520884
5619606327
3634195233
4683177380
7098821201
7194239962
1449103864
2802254504
8205377009
1753343032
3337863804
6908072372
3455853462
1745804792
2613669872
4525198235
6277694799
9519776207
1178505419
8649529938
1714148136
5327967358
9290273937
9005303443
8069812453
3381286603
6008635197
5150237190
1455680949
5205695679
6526803983
6879397980
9098175345
3779776957
8497663903
8368996873
4375829207
8690171775
7874243531
7056601063
1569014530
7134655737
6496174441
6355306605
1944228064
9166882909
6469766928
5216128438
9765017586
8827505665
9744179147
5855250453
8406604016
1210113786
2923236782
6368469836
1543444767
3232003892
9680357666
4593098289
1014772109
6535963053
5091815949
5911848762
4528916660
4896356714
4148693449
5017941675
6726552900
4514892995
1786448007
9324759875
9963575440
6986655357
2900682786
2111233712
3707148961
3112507732
3710400254
4317572929
4805616403
3491339661
6395704651
8477895393
2268972212
8681302534
2737747981
7307890690
1527981669
8083235568
6898753075
5836298098
3467470812
3885147763
8783172613
9447660580
6323609888
9706986931
7715358352
4465931856
7977362061
9817044048
8671299804
1087889427
2046022821
1407648652
6469140636
2598315476
9113348547
3767633728
8447474942
7585884567
6653930032
1242160797
9880192529
2387464616
2788333776
7688826777
3529343912
3266963294
3857156170
4922771577
1887370110
7952688411
1181137042
9458336077
6297656745
8998728062
7836352102
6047260979
7774086859
7671497210
5069588678
3094466107
2326353251
3310056078
4575525395
7803887507
6256884798
2922945428
8215206657
5786166582
3299683569
7432302021
7301727868
5540334714
7222954059
5804230243
2184665228
5184619754
3185406372
9931728802
6205748272
6538154752
8846374975
4572936007
7352649575
3681418043
3189228019
2278608185
1433570334
8699266369
3960162594
9827550124
4719362377
4686693802
7516130363
5858974880
3779196694
5712700336
8541715121
7378955124
6657583896
9118094992
9423117103
9508250770
2260996131
5684051451
4737211610
3976989086
1952536328
7926184745
7588537337
4133845533
6593607070
7495893580
3295324535
8275425042
5940669538
8941222156
8104753035
2909739436
7205368793
8574347675
5257954314
5988951496
3047854618
1504661359
6926578430
3642496920
3971771592
8486189303
8621651844
7536551043
5063965629
4962704450
6815062875
5929987530
3140313789
8996485371
3761201010
5885819551
4934061300
4491478422
4521877442
1605998706
2903501774
3568585675
7167602274
1706864733
5817182787
5484665493
6250086298
6894452149
5726321303
9235645104
2054582540
4238290344
8730533311
3092199095
1053281240
8863967157
3294217487
4084245730
1134489973
5878602091
8462090204
7569624837
9391607526
1259892368
6403565843
2145819108
7588961589
2003277506
8672969157
3716832915
9100040330
9607633480
8094054319
8844711945
6340734079
6847735404
1829990539
4004040444
9282024811
1825743034
2854694040
6543278662
2188874355
4360513305
3061019745
7477207181
2923755812
3942002876
4445305955
2222012362
8230958656
6768727094
3597183212
6579598800
3770167346
1899275649
7280333861
6782066225
9467915364
1764805198
1233149624
4948422606
5077409709
5828543981
6255241361
3744576125
3814478233
5468936332
6517558488
1415767012
3327409921
8437669364
4213699098
2159724412
8239001180
4770644037
8838285877
7405684151
7872294109
1649854357
9460553814
7639133082
4011403766
8722447408
6119714164
8801261907
7388110891
1979727500
1966075196
8164827197
3372892342
7866697298
6800815254
7757748419
3564626638
4021043443
8760268278
3900403381
9971285753
9436823468
5373399062
8447859452
8671017227
8818798519
8328790586
9690289759
4350661702
1755839217
7134588251
8050315645
2666608687
6184445979
8699078319
6935039669
4503647544
4951634063
8872968973
8546304736
2399045209
8765263958
1627931525
2759285799
3327726613
6849978917
8101662137
1972246207
7301562652
8666722087
2445379352
2503567770
2047005314
9193993911
5295913487
7949716438
5197613531
3332611547
5118093314
5158888743
2154006998
6338295070
9721557223
5949074461
9092768693
6237402861
5216828772
7085947130
8406896612
4105169822
1879755679
1195698543
6163688685
7472138028
1203600057
7316827542
4450918847
5891382580
5082135894
1388334333
4825463380
4917903878
7189043232
8836309790
8229650675
7696357793
5618018992
2589263827
5286370608
7305858957
2399895464
2491210992
3395240532
5082133159
2202601139
7294706780
3772149429
5520483283
1558066494
8788463698
2971686484
4171901383
4372267414
1747766810
2500422491
9646802189
1976254034
4716202338
3195456059
7109639229
5012314421
8456575342
9354830912
2040580310
6056215382
6400710037
1754622381
2374349536
4618237462
8544141985
1139909312
1951219876
2221214374
8423811927
8933094641
4541688276
8071246668
3763780449
7083846086
9441792517
3469561948
5694062390
9564023628
7127691160
9407114061
5553059241
7210502872
6208602882
4059224430
5073208429
4816221823
8301458337
2977495671
6653154358
7001488590
2444889318
4580717312
6040714305
8046804081
1950255461
8944949869
9188204504
2632343573
6025112118
2313647003
1553757697
3346894763
6272284895
3485089521
6602864261
3396002929
5191934817
6501194306
7774351624
2559801182
7169031234
7799324151
7080908482
2988106176
5052123109
1647011769
9897377605
8379692325
2843490797
9788740131
4095940287
7727991573
9441045925
8490134035
8328798016
4411358462
5043613795
9695309483
6876919249
1434371969
6522045367
5740444212
7371540822
4716769037
3257599100
8348767073
9593209387
8073146838
2199953078
3272044770
9678546707
2437921528
1633698383
8826151886
8193405998
2539653830
6611977372
7588824996
1572234586
2528958875
9086233259
1666996547
9313021077
6983382651
5729908725
1840574969
9059148183
6629988960
6790645676
4392921699
2202048576
9337886878
7873835876
3200243360
6587819943
2422714158
8016477527
3465207423
7286133058
4987495740
7025659389
9600805782
6713689577
5124507519
4060029096
9266707934
8253977072
8739508533
2754698306
9414751797
6849753534
9859361035
2123912119
3647441764
1427394402
9509242625
5442274151
4769306951
5179980330
8918474345
9682361384
6130423072
8974065525
3951088185
6453768567
9145003768
8026679843
9739344971
7238017841
9089454502
3403583963
9164631015
4595378417
5208967490
2643334293
8170655258
2612957734
3368188633
5593166315
4204655040
1528754946
7135147522
4619950127
5844954960
4015620445
3952004686
8778963768
6298774268
8899383695
2669982255
3979198685
9314255586
4764674115
9582535061
7301101036
2609139478
8512277386
3575986724
2019747023
4209406141
3449765717
1365464114
1002504928
6396400991
4937946495
2461489207
1453435035
3783606108
5227421786
9672197969
2665287083
6104425329
3359141827
2069732297
7498224645
4692794234
6684283957
1111085686
9772686577
1361130302
5713223161
6632268656
3813071285
9601054611
3735921215
3327591897
9253197444
1401691416
2287566094
4384870286
1382531835
3562868256
6546952891
1164623957
5671171078
9894905787
5506939662
9420065119
1903648233
8411640142
4502858776
9939798703
6909583359
2474914674
1475308331
8972792831
5296598733
3808418682
8988560210
7786667505
9011831161
2074782982
4282986224
8618689464
7345869046
2236184321
8862577561
5431270578
4526964739
4195501600
2382269108
7372320062
5821669037
5685824416
7826748054
4581554356
9076784502
7444935396
5394477910
8172964692
9805622750
5191616396
6294283816
3983645780
2087785921
6805392265
5051388195
3253769700
2144074612
4466866522
1801844549
2412652022
1246242998
9783581693
1435999273
7752487175
1238424161
9501967064
2986458593
6828269513
8464083363
3780020649
3149744228
4543158904
5124947483
5854549090
8922008959
1624532225
5798762428
4901740295
6438811430
5147640744
5077303245
7511943749
1582176419
4486857268
7328637716
8982119991
4945525715
4442559537
7616919025
4022112398
7322471930
3222990811
6929399726
1071671140
7611827755
7525028086
9368315023
1530360489
3031494441
7133244000
8190286675
5000719822
3534112761
5915589814
1774582783
5659545362
8913988961
5238907463
1648795476
3861448862
5167916488
2852537970
7170263025
7639029781
7160152629
1838294266
4512829889
6774089072
8286273605
3387677992
2193839533
9061627389
5135228539
1081516750
6014433433
8869827555
3373564176
9114706394
4508969493
2847445113
8861343300
3747772389
1217385974
6079636545
9824458278
1099384089
5541503705
4689279893
9569686080
4937956904
8235498459
3526401442
2303516969
4365338510
1867423911
1251743445
8746970196
6950185454
9115398129
1429626348
4856504914
2062380082
9083803348
3175771066
3021839342
4562623931
1534173446
6645343267
4278895111
4858512907
2118419746
4251482715
8790571103
4315116426
8135784982
9472014183
9093629240
5311243742
1548987591
1399784711
3368726329
3772927062
8183126910
5171995958
6882984422
7563014138
9382290090
6438103308
9407977933
5908740669
9936443879
7830704423
7719288086
9678292404
6937454970
6685214106
9495655562
5942662273
1053744761
7540383668
7701507887
4521552970
9016535394
2109519697
7185582134
9121656329
4491866047
1163716509
5944877327
7449451058
1793111189
8959110107
9027620730
8748978554
9574020194
4069891322
3481014218
3928463455
3390958796
8836936450
1102845052
4645065835
2945485948
2024458133
3211807051
5450253939
9026609855
3912499395
4673406272
7849901340
3611331945
4009582669
2068132790
4284369169
8496974841
3350199026
3987838046
7097623227
5738680008
8608023541
6051381420
9764400050
8189730062
7858240471
4575488272
6107819540
4005285926
7642930926
5713396832
2983629426
8924877304
5978205853
4896750868
8454704029
6094547665
7560993404
8012705321
6778501571
1164948314
9143429605
2882375299
6166598632
9465504444
9610138408
1610860388
9903063517
7802223286
4421575516
1734001724
5351867307
6074627858
9611435193
7959119369
6022825566
9379011728
1858737951
6753813979
1281896216
3034841498
3714689454
1926841334
6935235523
4863227313
9581798379
9318642900
6435925092
6097759243
1152473094
4802430354
8069632319
3852785651
2147337033
9916422956
1495375498
5242033666
7620120136
6150147149
8251515787
9354948429
6372584565
4929198631
2039030865
9387613701
2467657801
2809018849
8755437819
7211794012
6187647847
8767109636
6394244362
2779366692
9661685518
1535336797
1922119307
2630093231
6068316455
4476303562
4784244546
2819381470
2627097316
2281981873
9547096305
9745212404
3688366336
8607044747
2704901551
4266586071
3097827946
3325608752
5415286368
5264655523
9242446219
6685420535
1862548346
2654663008
7026989517
5134182852
1862083032
3724836479
9020318905
1601454774
5972565271
4079260709
6430688977
8482660013
7371038942
2256134720
2310463301
8374936038
1532763330
8227314722
7229347322
4407952174
2029435104
3991290594
1974926401
3956211228
7014660243
5046499954
4465484516
6347119647
7942379200
6194646058
1391702234
2807857237
8531892857
8684470799
9661249263
1220618383
6224819535
2716971612
1075619173
3743669622
9391951468
8436164581
3166802588
2408904989
1818179963
5931924699
9593889922
8530521244
9347598060
9417337762
2782829781
2324724956
9850940303
9366508661
3786370440
9741681256
9302323294
9064370843
2687104431
1050492095
1124631356
7202593722
1987025896
9377453850
5869821533
3245069951
7939093923
5294389613
6897889674
5782918524
3396377769
1264228529
8550340396
3853666179
1534916717
6548299126
8282432951
2086392879
7680870876
3340117604
9609110110
5248194880
9864188163
7055890579
1661065694
9415245224
8771548011
8701594314
5146666500
4292787817
9276078769
8582616824
4824632083
5119960891
3241773447
1990385984
4411517259
4210499843
1066618006
2650840722
9400721918
9995474723
3625491625
7367422811
5785619791
1646470018
7096371040
9114905215
8972957501
4422536536
5366515983
9779001853
1464035422
1525619299
4344387865
3531238614
1287242747
6247870642
5970851005
9497685458
6142285764
6894820729
6748421305
8752713270
2923698728
5609818220
1332545552
2503458255
8596182438
4661489319
3081961075
9144351426
8273045783
9145592244
3209739866
9170303627
6098519824
5459070279
2366084655
4041577975
2596264589
3201759229
3305971706
8908843848
4266490617
2109762506
8543989156
7931133354
2962660010
5829143384
3636601986
5868255316
9243966094
6476970128
6135471197
2560025358
7930217311
4460226994
4554977668
8532245934
4100169378
2199842881
8467531315
3885307422
9583347873
6287428053
8404614032
8381671545
1387020737
5923048179
1931690100
6281627439
1746679498
5722290697
9130673224
8296755989
2181244045
8637277057
2350657381
6196848538
6623616006
8413764002
4396368399
5645642095
1008914427
9211607268
5855599728
8483505895
4772545016
5734023463
5715522981
9371127552
6098799444
7792590908
1088788619
9761236764
1720930342
5321620806
5301830918
2608637029
6288913434
7274499449
3611568911
6331349268
7324549965
2147976114
7982657459
3688283451
8987978796
4091375841
4949731241
6146592068
1929277981
3002591679
1502923848
1626584792
4301613458
9791138841
4597520726
7483996405
6106821664
2974114946
1665993775
5712221452
8292708426
9387013277
8671932887
9297476862
2829110198
4929382368
7211208569
1236791536
3320006920
9660006513
8837412083
2829087627
7793481442
6422171046
1967906164
5861178275
6642770023
5243685905
9916368647
8602805323
6428968976
4600392780
7347819534
6260057610
7546073405
8813423707
1678750388
2331667774
1634940559
7356779970
3515172423
2771256594
1777404599
6393384024
7452063933
2323489117
9422133972
3756502447
3194978122
1174235527
5729954752
8101302542
5324937643
4559317153
3779043787
8198892476
6612482386
6035049266
5471112695
4087378752
2134209912
5217126891
8752812574
5554877266
9409120436
9131404591
7494546428
3454100650
5912888947
3062957634
2295731299
4092498631
4992055935
4638055198
7628133483
1934454746
6635285893
7734622685
4790484009
4592303360
9538243485
2139550358
8627382306
6909566031
9553439616
1005954713
7250767880
6354019343
6817909911
1331500938
5837845673
7127212608
6280184207
5754447172
2637622193
6153643294
1705531823
4982691755
2755500784
1466734451
2719150806
7905897129
8754774035
3054364284
1914907338
5025160501
3057485984
9663504737
1799606871
9155149843
4266799070
2657169797
7193256716
4488329873
8818465759
3867663768
1579253831
6980474200
9856114845
2436652829
9617282615
4970671676
7585644848
2675213799
4416863223
7313268700
6438464225
1364756197
3705168150
4809029791
1510471527
8333922090
1410070529
8287403892
3907128364
7784400016
4072851472
1629545467
1804200968
3389130760
4518344185
1527752145
8301243139
3636019861
8337254184
6516485313
1620761820
